0.0000 0.5625 0.7500 0.7500 0.7500 0.0000 0.5625 0.7500 0.7500 0.7500
0.5625 0.0000 0.3125 0.5000 0.5625 0.5625 0.0000 0.3125 0.5000 0.5625
0.7500 0.3125 0.0000 0.5000 0.5000 0.7500 0.3125 0.0000 0.5000 0.5000
0.7500 0.5000 0.5000 0.0000 0.1875 0.7500 0.5000 0.5000 0.0000 0.1875
0.7500 0.5625 0.5000 0.1875 0.0000 0.7500 0.5625 0.5000 0.1875 0.0000
0.0000 0.5625 0.7500 0.7500 0.7500 0.0000 0.5625 0.7500 0.7500 0.7500
0.5625 0.0000 0.3125 0.5000 0.5625 0.5625 0.0000 0.3125 0.5000 0.5625
0.7500 0.3125 0.0000 0.5000 0.5000 0.7500 0.3125 0.0000 0.5000 0.5000
0.7500 0.5000 0.5000 0.0000 0.1875 0.7500 0.5000 0.5000 0.0000 0.1875
0.7500 0.5625 0.5000 0.1875 0.0000 0.7500 0.5625 0.5000 0.1875 0.0000
